Linear Regression: 
Mean: 5.037482786117751
Std: 1.0594382405606946


Decision Tree:
Mean: 4.371407437508556
Std: 0.7480495390385943

Random Forest:
Mean: 3.2932808893072214
Std: 0.6199952052150826